{
  "advancedEditorSelectedIdentifier" : "ProjectBrowser",
  "openSceneRelativePaths" : [
    "Immersive.usda"
  ],
  "recentIdentifiers" : {
    "AF09ED6F-1707-48FD-8720-65B998362C09" : [

    ]
  },
  "sceneCameraHistory" : {
    "612AD5C2-2F8E-43AA-B27F-3EC18041BEE8" : [
      {
        "date" : 720241487.350925,
        "title" : "Untitled",
        "transform" : [
          0.90323955,
          -1.4937741e-10,
          -0.42913687,
          0,
          -0.14483823,
          0.94132173,
          -0.30485287,
          0,
          0.40395582,
          0.3375106,
          0.8502389,
          0,
          0.17704456,
          0.14792316,
          0.37264013,
          1
        ]
      },
      {
        "date" : 720241484.700458,
        "title" : "Untitled",
        "transform" : [
          0.99999994,
          0,
          0,
          0,
          0,
          0.8660254,
          -0.49999994,
          0,
          0,
          0.49999994,
          0.8660254,
          0,
          0,
          0.20213813,
          0.3501135,
          1
        ]
      },
      {
        "date" : 720241478.032017,
        "title" : "Untitled",
        "transform" : [
          0.99999994,
          0,
          -0,
          0,
          -0,
          0.8660254,
          -0.49999994,
          0,
          0,
          0.49999994,
          0.8660254,
          0,
          0,
          0.20213813,
          0.3501135,
          1
        ]
      }
    ],
    "AF09ED6F-1707-48FD-8720-65B998362C09" : [
      {
        "date" : 720279263.627104,
        "title" : "Untitled",
        "transform" : [
          0.9536975,
          -1.6551818e-09,
          -0.30076736,
          0,
          -0.19543889,
          0.7601046,
          -0.6197133,
          0,
          0.2286147,
          0.6498008,
          0.7249099,
          0,
          1.9105421,
          6.6193824,
          7.130283,
          1
        ]
      },
      {
        "date" : 720279206.526361,
        "title" : "Untitled",
        "transform" : [
          0.92395025,
          -8.1243234e-10,
          -0.38251263,
          0,
          -0.23845674,
          0.78190655,
          -0.57598656,
          0,
          0.29908916,
          0.6233957,
          0.72244275,
          0,
          0.7735341,
          1.6122882,
          1.8684536,
          1
        ]
      },
      {
        "date" : 720279190.967522,
        "title" : "Untitled",
        "transform" : [
          0.99999857,
          -1.7377252e-11,
          -0.0017045446,
          0,
          -0.0009489161,
          0.83071524,
          -0.5566969,
          0,
          0.0014159912,
          0.55669767,
          0.8307141,
          0,
          0.01085794,
          0.61912954,
          2.2008233,
          1
        ]
      },
      {
        "date" : 720279180.300854,
        "title" : "Untitled",
        "transform" : [
          0.99967873,
          4.866485e-10,
          -0.025348457,
          0,
          -0.0057805297,
          0.9736512,
          -0.2279694,
          0,
          0.024680553,
          0.22804268,
          0.9733383,
          0,
          -0.7901846,
          7.098934,
          16.882608,
          1
        ]
      },
      {
        "date" : 720279179.024994,
        "title" : "Untitled",
        "transform" : [
          0.99967873,
          4.866485e-10,
          -0.025348457,
          0,
          -0.0057805297,
          0.9736512,
          -0.2279694,
          0,
          0.024680553,
          0.22804268,
          0.9733383,
          0,
          -0.7899258,
          7.1013246,
          16.892815,
          1
        ]
      },
      {
        "date" : 720279170.686095,
        "title" : "Untitled",
        "transform" : [
          1,
          0,
          0,
          0,
          0,
          0.7071069,
          -0.70710677,
          0,
          0,
          0.70710677,
          0.7071069,
          0,
          -1.7315812,
          8.83894,
          18.639584,
          1
        ]
      },
      {
        "date" : 720279163.540434,
        "title" : "Untitled",
        "transform" : [
          1,
          0,
          0,
          0,
          0,
          0.7071069,
          -0.70710677,
          0,
          0,
          0.70710677,
          0.7071069,
          0,
          -0.05036164,
          2.829517,
          5.1111846,
          1
        ]
      },
      {
        "date" : 720279005.251616,
        "title" : "Untitled",
        "transform" : [
          0.99788547,
          -1.9594948e-10,
          -0.06499675,
          0,
          -0.0092195,
          0.9898888,
          -0.1415456,
          0,
          0.06433956,
          0.14184554,
          0.98779565,
          0,
          0.16640161,
          0.36685464,
          2.5547357,
          1
        ]
      },
      {
        "date" : 720279001.798908,
        "title" : "Untitled",
        "transform" : [
          0.99999684,
          8.449281e-12,
          0.0025142024,
          0,
          0.00082053145,
          0.94524604,
          -0.32635754,
          0,
          -0.0023765394,
          0.3263586,
          0.94524306,
          0,
          -0.0061464333,
          0.8440613,
          2.444682,
          1
        ]
      },
      {
        "date" : 720278987.441792,
        "title" : "Untitled",
        "transform" : [
          0.72345626,
          -9.624234e-09,
          -0.6903703,
          0,
          -0.34993508,
          0.8620165,
          -0.3667057,
          0,
          0.59511054,
          0.5068803,
          0.6236312,
          0,
          37.362293,
          28.999397,
          49.388554,
          1
        ]
      }
    ]
  },
  "selectedSceneRelativePath" : "Immersive.usda"
}